0.334106  0.0688567  0.0255204  -0.847249  -0.524266  -0.0855194
0.328154  0.0775968  0.0254916  -0.794635  -0.604439  -0.056641
0.331753  0.0728685  0.0243277  -0.794828  -0.542854  -0.271215
0.31895  0.088993  0.0251982  -0.337781  -0.252437  -0.906741
0.323355  0.0838632  0.0249167  -0.663547  -0.549223  -0.507996
0.31504  0.095013  0.0249135  -0.631695  -0.441312  -0.637342
0.312079  0.101766  0.0231643  nan  nan  nan
0.333826  0.0663034  0.0371437  -0.897523  -0.201189  0.392398
0.327858  0.076984  0.0353797  -0.811625  -0.58407  -0.0112624
0.331383  0.0718212  0.0343841  -0.857964  -0.497923  -0.126376
0.318145  0.0879156  0.035338  -0.77583  -0.63043  -0.0254079
0.323132  0.0833543  0.0351229  -0.24624  -0.222296  -0.943372
0.313066  0.0955507  0.0359797  -0.846987  -0.498088  -0.185797
0.3097  0.10173  0.0368868  -0.875476  -0.45253  -0.169582
0.310604  0.100818  0.0346319  -0.875476  -0.45253  -0.169582
0.336673  0.0669177  0.0439724  -0.602455  -0.539807  0.587925
0.342262  0.0674424  0.0467048  -0.441298  0.0300075  0.896859
0.328197  0.0771825  0.0441335  -0.724007  -0.616315  0.309791
0.334735  0.075047  0.0467596  -0.449507  -0.383737  0.806653
0.34482  0.0752216  0.047703  0.0217191  0.113402  -0.993312
0.353672  0.0780931  0.0481847  0.0384677  0.0489021  -0.998063
0.31822  0.0884555  0.0438164  -0.687289  -0.665868  0.290267
0.32536  0.0853247  0.0459789  -0.308166  -0.233288  0.922285
0.335044  0.0851508  0.0484933  -0.356341  -0.0833035  0.930635
0.345229  0.084904  0.0487681  nan  nan  nan
0.3553  0.0849865  0.0485854  0.0585832  0.0204661  -0.998073
0.364595  0.086308  0.0490418  0.0774014  0.024625  -0.996696
0.371696  0.0884247  0.0495587  0.0762911  0.0397288  -0.996294
0.315594  0.0954844  0.0459841  -0.224806  -0.255274  0.940371
0.325011  0.0948917  0.0476  -0.16981  -0.165769  0.971435
0.334712  0.095043  0.0492505  -0.169603  -0.0329389  0.984962
0.345054  0.0949002  0.0492364  nan  nan  nan
0.355319  0.0949346  0.0486458  0.0571406  0.0337427  -0.997796
0.364845  0.094996  0.0493888  0.0710672  0.0295614  -0.997033
0.372876  0.0936804  0.0495514  0.0440433  0.00737005  -0.999002
0.315333  0.103985  0.0473909  -0.170952  -0.165307  0.971313
0.325155  0.105015  0.048902  0.0863851  0.170822  -0.981508
0.335109  0.10484  0.0492658  0.0638876  0.0355036  -0.997325
0.345207  0.105071  0.0488422  0.0413673  0.0450643  -0.998127
0.354511  0.104631  0.0492064  -0.114819  -0.0904505  0.98926
0.364922  0.102247  0.0497406  0.0265175  0.0932739  -0.995287
0.37093  0.101059  0.0494385  0.0197225  0.0637049  -0.997774
0.318916  0.11062  0.0487175  -0.143026  -0.119526  0.982475
0.325474  0.112235  0.0496533  0.0694024  0.093411  -0.993206
0.336075  0.113483  0.049756  -0.0437202  0.0283084  -0.998643
0.345094  0.115029  0.0492859  0.0387016  0.0476138  -0.998116
0.353454  0.112614  0.0496807  -0.11  -0.108532  0.987988
0.338336  0.122211  0.0494592  -0.0646559  -0.0281172  -0.997511
0.344572  0.123677  0.049341  0.0504976  0.0437876  -0.997764
0.369613  0.0898912  0.0500322  0.0762945  0.0396963  -0.996295
0.372753  0.0885695  0.050104  0.0608562  0.0474582  -0.997018
0.33719  0.0929178  0.0500128  -0.0210303  0.0994227  -0.994823
0.368735  0.0971637  0.0500653  0.00684674  0.0228084  -0.999716
0.372281  0.0959394  0.0502649  0.0406913  0.00868019  -0.999134
0.322991  0.109464  0.0501901  -0.14286  -0.119639  0.982486
0.33472  0.109358  0.0501744  0.0181406  0.0961198  -0.995205
0.358794  0.107314  0.050367  -0.14587  -0.139379  0.979436
0.363479  0.105068  0.0506167  0.078047  0.152339  -0.985242
0.370318  0.100151  0.0502812  0.0199543  0.0638237  -0.997762
0.326821  0.113719  0.0502628  0.0449868  0.0850164  -0.995363
0.334474  0.115339  0.0505711  0.00469278  -0.0184279  -0.999819
0.344527  0.115328  0.0500865  0.0381455  0.0172322  -0.999124
0.355207  0.115721  0.0505855  -0.212389  -0.14137  0.966905
0.361236  0.111291  0.0512469  -0.14556  -0.139158  0.979514
0.336161  0.121044  0.0502798  -0.11781  0.0152953  -0.992918
0.34827  0.124938  0.0505629  -0.250878  -0.185807  0.950019
0.351709  0.121992  0.050895  0.0969758  0.0630038  -0.993291


0.3437507526654503, 0.053950424522027064, 0.053057875248601505], [0.3437511943990519, 0.05105479009591881, 0.05305445138588938]]
0.3437507526654503, 0.053950424522027064, 0.053057875248601505], [0.3437511943990519, 0.05105479009591881, 0.05305445138588938]]


