0.336007  0.0277446  0.0481405  -0.16284  -0.236033  0.958004
0.341305  0.0289435  0.0493919  -0.142864  -0.215771  0.965936
0.31962  0.0392375  0.0457994  -0.319947  -0.252887  0.913062
0.325695  0.0364032  0.0479894  -0.275625  -0.183713  0.943547
0.333455  0.0342891  0.0492246  -0.175879  -0.191991  0.965508
0.342086  0.0314427  0.0496713  -0.142864  -0.215771  0.965936
0.308898  0.0484236  0.0472319  -0.161621  -0.134173  0.977689
0.31609  0.0461209  0.0472686  -0.163698  -0.238977  0.957127
0.324219  0.0440407  0.0488985  -0.258577  -0.211379  0.94258
0.330878  0.0424223  0.0498629  -0.212347  -0.174238  0.961535
0.307423  0.0551222  0.0469956  -0.256868  -0.0799418  0.963134
0.314368  0.0543372  0.0488243  -0.219872  -0.142726  0.965032
0.321366  0.0517584  0.0496062  -0.228806  -0.218132  0.948718
0.308454  0.0615364  0.047995  -0.309097  -0.119585  0.943482
0.312143  0.0631039  0.0492703  -0.308871  -0.119629  0.94355
0.34318  0.0298223  0.0500681  -0.129884  -0.221541  0.966463
0.337338  0.036739  0.0507086  -0.167185  -0.187719  0.96789
0.344766  0.0359825  0.0511997  -0.137974  -0.199933  0.970046
0.351487  0.0387355  0.0530595  -0.20238  -0.207966  0.956971
0.327015  0.0476928  0.0505012  -0.220573  -0.204315  0.953731
0.335295  0.0453287  0.0516122  -0.176736  -0.15447  0.972061
0.345158  0.0451314  0.0531597  -0.181901  -0.220675  0.958235
0.354463  0.0457868  0.055377  -0.23226  -0.201636  0.951524
0.361804  0.0486763  0.0579718  -0.240061  -0.174696  0.95491
0.317395  0.0583867  0.0506864  -0.260693  -0.178941  0.948693
0.325281  0.0552463  0.0514928  -0.177803  -0.197251  0.964094
0.335099  0.0549133  0.0530176  -0.156611  -0.1464  0.97675
0.345099  0.0550839  0.0551017  nan  nan  nan
0.355054  0.0550652  0.0573835  -0.259971  -0.138423  0.955643
0.363318  0.0548797  0.0592379  -0.213127  -0.130557  0.968262
0.317098  0.0647875  0.0512948  -0.294931  -0.130934  0.946505
0.324893  0.0650486  0.0534204  -0.238618  -0.174221  0.955358
0.334935  0.0649732  0.054947  nan  nan  nan
0.345035  0.0649445  0.0564305  -0.232276  0.144993  -0.961782
0.354909  0.0647357  0.0582557  -0.213174  -0.169121  0.962266
0.361643  0.0630813  0.0597089  -0.250856  -0.174714  0.952127
0.319317  0.0716227  0.0530259  -0.251915  -0.154768  0.955294
0.3256  0.0744868  0.0551099  -0.225637  -0.128429  0.965709
0.334879  0.074997  0.05715  -0.181831  -0.186516  0.965479
0.344662  0.0745584  0.0581445  -0.179143  -0.247191  0.952263
0.352576  0.0716197  0.059079  -0.274986  -0.299168  0.913718
0.328567  0.081498  0.0564277  -0.225305  -0.124761  0.966267
0.334671  0.0835628  0.0584178  -0.259225  -0.17405  0.950005
0.341002  0.0818325  0.0596969  -0.202884  -0.249389  0.946913
0.367302  0.0573801  0.060292  -0.217929  -0.12808  0.967524
0.356368  0.0694653  0.0601051  -0.295451  -0.280233  0.913333
0.363931  0.0625429  0.0605469  -0.245328  -0.129228  0.960788
0.347807  0.07774  0.0604054  -0.286229  -0.366675  0.885224
0.352527  0.0734325  0.0602596  -0.276183  -0.300015  0.913079
0.339298  0.0838026  0.0603019  -0.311324  -0.489968  0.814253
0.343345  0.0812417  0.0603712  -0.29346  -0.363506  0.884163
