0.347166  -0.0703943  0.0449802  -0.435435  -0.141246  0.88907
0.346942  -0.0646705  0.045784  -0.470844  -0.0727705  0.87921
0.352506  -0.0650123  0.0484468  -0.433938  -0.0795569  0.897423
0.34694  -0.0547535  0.0462257  -0.402373  -0.0953465  0.910497
0.352547  -0.0552299  0.049017  -0.405196  -0.0707489  0.911488
0.346233  -0.0448925  0.0475086  -0.464411  -0.132916  0.875589
0.351685  -0.0472452  0.0495401  -0.390961  -0.148052  0.908422
0.345892  -0.034999  0.0484356  -0.395592  -0.0319106  0.917872
0.346176  -0.0256069  0.0484517  -0.318344  0.121812  0.940116
0.351018  -0.0240574  0.0494177  -0.258292  0.226506  0.939138
0.349494  -0.0199692  0.0479703  -0.258649  0.226466  0.939049
0.351199  -0.0199666  0.0485835  -0.258649  0.226466  0.939049
0.357469  -0.0648918  0.0506356  -0.370198  -0.0351098  0.928289
0.365066  -0.0648358  0.0534911  -0.349213  -0.0971234  0.931996
0.37506  -0.0648595  0.057708  -0.270715  -0.0223664  0.9624
0.381406  -0.0680735  0.0594175  -0.362436  -0.237109  0.901343
0.357453  -0.0549926  0.0508757  -0.389827  -0.0686756  0.918324
0.36497  -0.0550138  0.0544768  -0.428657  -0.0920806  0.898763
0.375078  -0.0550872  0.0579395  -0.411354  -0.0652363  0.909138
0.349868  -0.0418082  0.050218  -0.357494  -0.082235  0.930288
0.35572  -0.0445836  0.0514822  -0.363751  -0.0634662  0.929332
0.364882  -0.04506  0.0554291  -0.374006  -0.0562936  0.925716
0.373675  -0.0450307  0.0587015  -0.349955  -0.00505105  0.936753
0.349857  -0.0349506  0.050218  -0.33836  -0.00037995  0.941017
0.355127  -0.0350818  0.0518026  -0.265504  0.0155003  0.963985
0.364797  -0.0352871  0.0556043  -0.336205  -0.0197967  0.941581
0.37367  -0.0352782  0.0587727  -0.32164  0.000141634  0.946862
0.349847  -0.028454  0.050218  -0.302694  0.110385  0.946674
0.355819  -0.025462  0.0510563  -0.333749  0.127751  0.933965
0.364772  -0.0250852  0.0549385  -0.395048  0.129887  0.909432
0.3736  -0.0252011  0.0587459  -0.372184  0.0711344  0.925429
0.36706  -0.0193634  0.0550832  -0.411804  0.0935273  0.90646
0.37226  -0.0188282  0.0577502  -0.406619  0.0508503  0.912181
0.384278  -0.0639434  0.061658  -0.556009  -0.0713932  0.828104
0.378896  -0.0503743  0.06065  -0.379398  -0.0760238  0.922105
0.383394  -0.0550413  0.0618661  -0.436242  -0.0997986  0.894278
0.378742  -0.0450123  0.0605977  -0.34121  -0.00140167  0.939986
0.383181  -0.044999  0.0621491  -0.337048  0.0284652  0.941057
0.378641  -0.0352037  0.0605665  -0.301599  -0.000617307  0.953435
0.382665  -0.0352063  0.0615781  -0.320467  0.00247527  0.947256
0.37873  -0.0252467  0.0606044  -0.350885  0.0207444  0.936189
0.382397  -0.0258564  0.0618388  -0.334672  -0.0377167  0.94158
